# Simple Coordinate Transformation:
# lat, lon   : Real GPS Position
# dlat, dlon : The recorded difference data, i.e. obXXX_dlat, obXXX_dlon
# baseLat/Lon: obBaseLatLon = [baseLat baseLon]
# scale      : obBaseScale
# local to global
#     lat = baseLat + scale * dlat
#     lon = baseLon + scale * dlon
# global to local
#    dlat = (lat - baseLat)/scale
#    dlon = (lon - baseLon)/scale

obBaseLatLon  39.9630  116.3044
obBaseScale   0.00001

obWood0_dlat   -21.1155  -15.8987  -17.2898  -22.6226  -21.1155
obWood0_dlon   -72.8120  -23.8317  -23.7158  -72.5222  -72.8120

obWood1_dlat   -28.7159  -28.9436  -20.1475  -19.6258  -28.7159
obWood1_dlon   -19.2950  -20.3250  -23.0608  -22.0754  -19.2950

obWood2_dlat   -28.9545  -28.6756  -33.4281  -33.8033  -28.9545
obWood2_dlon   -20.3160  -19.3247  -15.2809  -16.4899  -20.3160

obWood3_dlat   -33.7786  -33.4244  -54.0740  -54.0949  -33.7786
obWood3_dlon   -16.4282  -15.3125  -11.3800  -12.0700  -16.4282

obHuge0_dlat   -37.9911  -42.1133  -47.4494  -50.9483  -51.2258  -50.7008  -50.4511  -46.7578  -45.1458  -42.6456  -40.8661  -38.7144  -37.9911
obHuge0_dlon   -78.1694  -72.9061  -67.4742  -68.9194  -70.7828  -72.8122  -73.9744  -78.6619  -80.6156  -83.2219  -84.5036  -82.8358  -78.1694

obHuge1_dlat   -52.0390  -52.0580  -51.9290  -50.9020  -50.3170  -49.8430  -49.4820  -49.6440  -50.6549  -51.2340  -51.7269  -51.9240  -52.0390
obHuge1_dlon   25.9599  24.7500  24.1900  23.5999  23.4900  24.1400  25.4900  27.1300  27.8099  27.9900  27.9900  27.1399  25.9599

obHuge2_dlat   -32.4379  -34.5872  -34.8102  -32.8840  -32.4379
obHuge2_dlon   69.0759  69.6436  67.0280  66.7239  69.0759

obHuge3_dlat   -17.3110  -17.4820  -15.7870  -15.5889  -17.3110
obHuge3_dlon   16.4900  16.1000  14.7900  15.1300  16.4900

obHuge4_dlat   -35.8100  -36.0220  -35.8150  -35.5749  -35.3330  -35.0460  -34.3680  -33.8140  -33.2300  -32.8770  -33.0160  -33.3569  -33.7900  -34.3430  -34.6690  -35.1290  -35.4909  -35.8100
obHuge4_dlon   91.0799  90.4300  89.8200  89.4100  89.3500  89.3200  89.6100  90.1000  90.7900  91.3899  92.2599  92.7700  93.1200  93.0200  92.8700  92.4300  91.9300  91.0799

obHuge5_dlat   -30.5421  -28.5320  -28.1330  -30.0743  -30.5421
obHuge5_dlon   67.3928  66.8699  69.6799  70.1995  67.3928

obHuge6_dlat   -31.8700  -32.3380  -30.5421  -30.0743  -31.8700
obHuge6_dlon   70.6800  67.8600  67.3928  70.1995  70.6800

obHuge7_dlat   -22.8809  -24.5320  -24.9920  -23.5299  -22.8809
obHuge7_dlon   74.5371  75.1000  72.2400  71.4846  74.5371

obHuge8_dlat   -19.2305  -18.0610  -17.8420  -18.9249  -19.2305
obHuge8_dlon   64.9832  64.6599  66.1700  66.4538  64.9832

obHuge9_dlat   -18.9249  -20.0550  -20.2679  -19.2305  -18.9249
obHuge9_dlon   66.4538  66.7500  65.2699  64.9832  66.4538

obHuge10_dlat   -21.7084  -21.9794  -21.2240  -21.0039  -21.7084
obHuge10_dlon   72.0926  70.7165  70.5200  71.9100  72.0926

obHuge11_dlat   -21.3350  -22.8809  -23.5299  -21.9794  -21.3350
obHuge11_dlon   74.0100  74.5371  71.4846  70.7165  74.0100

obHuge12_dlat   -21.6144  -21.6122  -21.6198  -21.6144
obHuge12_dlon   72.0618  72.0699  72.0672  72.0618

obLittle0_dlat   -15.4120  -15.4139  -15.4195  -15.4287  -15.4412  -15.4566  -15.4744  -15.4941  -15.5151  -15.5368  -15.5585  -15.5795  -15.5992  -15.6170  -15.6324  -15.6449  -15.6541  -15.6597  -15.6616  -15.6597  -15.6541  -15.6449  -15.6324  -15.6170  -15.5992  -15.5795  -15.5585  -15.5368  -15.5151  -15.4941  -15.4744  -15.4566  -15.4412  -15.4287  -15.4195  -15.4139  -15.4120
obLittle0_dlon   -61.1790  -61.1573  -61.1363  -61.1166  -61.0988  -61.0834  -61.0709  -61.0617  -61.0561  -61.0542  -61.0561  -61.0617  -61.0709  -61.0834  -61.0988  -61.1166  -61.1363  -61.1573  -61.1790  -61.2007  -61.2217  -61.2414  -61.2592  -61.2746  -61.2871  -61.2963  -61.3019  -61.3038  -61.3019  -61.2963  -61.2871  -61.2746  -61.2592  -61.2414  -61.2217  -61.2007  -61.1790

obLittle1_dlat   -17.6654  -17.6673  -17.6732  -17.6827  -17.6957  -17.7117  -17.7302  -17.7507  -17.7725  -17.7950  -17.8175  -17.8393  -17.8598  -17.8783  -17.8943  -17.9073  -17.9168  -17.9227  -17.9246  -17.9227  -17.9168  -17.9073  -17.8943  -17.8783  -17.8598  -17.8393  -17.8175  -17.7950  -17.7725  -17.7507  -17.7302  -17.7117  -17.6957  -17.6827  -17.6732  -17.6673  -17.6654
obLittle1_dlon   -80.9500  -80.9275  -80.9057  -80.8852  -80.8667  -80.8507  -80.8377  -80.8282  -80.8223  -80.8204  -80.8223  -80.8282  -80.8377  -80.8507  -80.8667  -80.8852  -80.9057  -80.9275  -80.9500  -80.9725  -80.9943  -81.0148  -81.0333  -81.0493  -81.0623  -81.0718  -81.0777  -81.0796  -81.0777  -81.0718  -81.0623  -81.0493  -81.0333  -81.0148  -80.9943  -80.9725  -80.9500

obLittle2_dlat   -14.4118  -14.4138  -14.4196  -14.4292  -14.4423  -14.4583  -14.4769  -14.4975  -14.5194  -14.5420  -14.5646  -14.5865  -14.6071  -14.6257  -14.6417  -14.6548  -14.6644  -14.6702  -14.6722  -14.6702  -14.6644  -14.6548  -14.6417  -14.6257  -14.6071  -14.5865  -14.5646  -14.5420  -14.5194  -14.4975  -14.4769  -14.4583  -14.4423  -14.4292  -14.4196  -14.4138  -14.4118
obLittle2_dlon   -52.4200  -52.3974  -52.3755  -52.3549  -52.3363  -52.3203  -52.3072  -52.2976  -52.2918  -52.2898  -52.2918  -52.2976  -52.3072  -52.3203  -52.3363  -52.3549  -52.3755  -52.3974  -52.4200  -52.4426  -52.4645  -52.4851  -52.5037  -52.5197  -52.5328  -52.5424  -52.5482  -52.5502  -52.5482  -52.5424  -52.5328  -52.5197  -52.5037  -52.4851  -52.4645  -52.4426  -52.4200

obLittle3_dlat   -13.2110  -13.2130  -13.2187  -13.2282  -13.2410  -13.2567  -13.2750  -13.2952  -13.3168  -13.3390  -13.3612  -13.3828  -13.4030  -13.4213  -13.4370  -13.4498  -13.4593  -13.4650  -13.4670  -13.4650  -13.4593  -13.4498  -13.4370  -13.4213  -13.4030  -13.3828  -13.3612  -13.3390  -13.3168  -13.2952  -13.2750  -13.2567  -13.2410  -13.2282  -13.2187  -13.2130  -13.2110
obLittle3_dlon   -42.0400  -42.0178  -41.9962  -41.9760  -41.9577  -41.9420  -41.9292  -41.9197  -41.9140  -41.9120  -41.9140  -41.9197  -41.9292  -41.9420  -41.9577  -41.9760  -41.9962  -42.0178  -42.0400  -42.0622  -42.0838  -42.1040  -42.1223  -42.1380  -42.1508  -42.1603  -42.1660  -42.1680  -42.1660  -42.1603  -42.1508  -42.1380  -42.1223  -42.1040  -42.0838  -42.0622  -42.0400

obLittle4_dlat   -11.3759  -11.3779  -11.3838  -11.3935  -11.4066  -11.4227  -11.4415  -11.4622  -11.4842  -11.5070  -11.5298  -11.5518  -11.5725  -11.5913  -11.6074  -11.6205  -11.6302  -11.6361  -11.6381  -11.6361  -11.6302  -11.6205  -11.6074  -11.5913  -11.5725  -11.5518  -11.5298  -11.5070  -11.4842  -11.4622  -11.4415  -11.4227  -11.4066  -11.3935  -11.3838  -11.3779  -11.3759
obLittle4_dlon   -25.9200  -25.8972  -25.8752  -25.8545  -25.8357  -25.8196  -25.8065  -25.7968  -25.7909  -25.7889  -25.7909  -25.7968  -25.8065  -25.8196  -25.8357  -25.8545  -25.8752  -25.8972  -25.9200  -25.9428  -25.9648  -25.9855  -26.0043  -26.0204  -26.0335  -26.0432  -26.0491  -26.0511  -26.0491  -26.0432  -26.0335  -26.0204  -26.0043  -25.9855  -25.9648  -25.9428  -25.9200

obLittle5_dlat   -27.6209  -27.6229  -27.6286  -27.6381  -27.6509  -27.6667  -27.6850  -27.7052  -27.7268  -27.7490  -27.7712  -27.7928  -27.8130  -27.8313  -27.8471  -27.8599  -27.8694  -27.8751  -27.8771  -27.8751  -27.8694  -27.8599  -27.8471  -27.8313  -27.8130  -27.7928  -27.7712  -27.7490  -27.7268  -27.7052  -27.6850  -27.6667  -27.6509  -27.6381  -27.6286  -27.6229  -27.6209
obLittle5_dlon   -13.2200  -13.1978  -13.1762  -13.1560  -13.1377  -13.1219  -13.1091  -13.0996  -13.0939  -13.0919  -13.0939  -13.0996  -13.1091  -13.1219  -13.1377  -13.1560  -13.1762  -13.1978  -13.2200  -13.2422  -13.2638  -13.2840  -13.3023  -13.3181  -13.3309  -13.3404  -13.3461  -13.3481  -13.3461  -13.3404  -13.3309  -13.3181  -13.3023  -13.2840  -13.2638  -13.2422  -13.2200

obLittle6_dlat   -44.4207  -44.4227  -44.4284  -44.4378  -44.4505  -44.4662  -44.4844  -44.5045  -44.5259  -44.5480  -44.5701  -44.5915  -44.6116  -44.6298  -44.6455  -44.6582  -44.6676  -44.6733  -44.6753  -44.6733  -44.6676  -44.6582  -44.6455  -44.6298  -44.6116  -44.5915  -44.5701  -44.5480  -44.5259  -44.5045  -44.4844  -44.4662  -44.4505  -44.4378  -44.4284  -44.4227  -44.4207
obLittle6_dlon   -9.9100  -9.8879  -9.8665  -9.8464  -9.8282  -9.8125  -9.7998  -9.7904  -9.7847  -9.7827  -9.7847  -9.7904  -9.7998  -9.8125  -9.8282  -9.8464  -9.8665  -9.8879  -9.9100  -9.9321  -9.9535  -9.9736  -9.9918  -10.0075  -10.0202  -10.0296  -10.0353  -10.0373  -10.0353  -10.0296  -10.0202  -10.0075  -9.9918  -9.9736  -9.9535  -9.9321  -9.9100



obLittle7_dlat   -1.5757  -1.5774  -1.5826  -1.5911  -1.6026  -1.6169  -1.6333  -1.6516  -1.6710  -1.6910  -1.7110  -1.7304  -1.7487  -1.7651  -1.7794  -1.7909  -1.7994  -1.8046  -1.8063  -1.8046  -1.7994  -1.7909  -1.7794  -1.7651  -1.7487  -1.7304  -1.7110  -1.6910  -1.6710  -1.6516  -1.6333  -1.6169  -1.6026  -1.5911  -1.5826  -1.5774  -1.5757
obLittle7_dlon   59.1800  59.2000  59.2194  59.2377  59.2541  59.2684  59.2799  59.2884  59.2936  59.2953  59.2936  59.2884  59.2799  59.2684  59.2541  59.2377  59.2194  59.2000  59.1800  59.1600  59.1406  59.1223  59.1059  59.0916  59.0801  59.0716  59.0664  59.0647  59.0664  59.0716  59.0801  59.0916  59.1059  59.1223  59.1406  59.1600  59.1800


obLittle8_dlat   -59.0448  -59.0559  -59.0887  -59.1422  -59.2149  -59.3046  -59.4084  -59.5233  -59.6457  -59.7720  -59.8983  -60.0207  -60.1356  -60.2394  -60.3291  -60.4018  -60.4553  -60.4881  -60.4992  -60.4881  -60.4553  -60.4018  -60.3291  -60.2394  -60.1356  -60.0207  -59.8983  -59.7720  -59.6457  -59.5233  -59.4084  -59.3046  -59.2149  -59.1422  -59.0887  -59.0559  -59.0448
obLittle8_dlon   -45.2300  -45.1037  -44.9813  -44.8664  -44.7626  -44.6729  -44.6002  -44.5467  -44.5139  -44.5028  -44.5139  -44.5467  -44.6002  -44.6729  -44.7626  -44.8664  -44.9813  -45.1037  -45.2300  -45.3563  -45.4787  -45.5936  -45.6974  -45.7871  -45.8598  -45.9133  -45.9461  -45.9572  -45.9461  -45.9133  -45.8598  -45.7871  -45.6974  -45.5936  -45.4787  -45.3563  -45.2300

obLittle9_dlat   -65.0766  -65.0786  -65.0843  -65.0937  -65.1064  -65.1221  -65.1403  -65.1604  -65.1819  -65.2040  -65.2261  -65.2476  -65.2677  -65.2859  -65.3016  -65.3143  -65.3237  -65.3294  -65.3314  -65.3294  -65.3237  -65.3143  -65.3016  -65.2859  -65.2677  -65.2476  -65.2261  -65.2040  -65.1819  -65.1604  -65.1403  -65.1221  -65.1064  -65.0937  -65.0843  -65.0786  -65.0766
obLittle9_dlon   -5.9400  -5.9179  -5.8964  -5.8763  -5.8581  -5.8424  -5.8297  -5.8203  -5.8146  -5.8126  -5.8146  -5.8203  -5.8297  -5.8424  -5.8581  -5.8763  -5.8964  -5.9179  -5.9400  -5.9621  -5.9836  -6.0037  -6.0219  -6.0376  -6.0503  -6.0597  -6.0654  -6.0674  -6.0654  -6.0597  -6.0503  -6.0376  -6.0219  -6.0037  -5.9836  -5.9621  -5.9400

obLittle10_dlat   -63.2370  -63.2388  -63.2443  -63.2533  -63.2655  -63.2806  -63.2980  -63.3173  -63.3378  -63.3590  -63.3802  -63.4007  -63.4200  -63.4374  -63.4525  -63.4647  -63.4737  -63.4792  -63.4810  -63.4792  -63.4737  -63.4647  -63.4525  -63.4374  -63.4200  -63.4007  -63.3802  -63.3590  -63.3378  -63.3173  -63.2980  -63.2806  -63.2655  -63.2533  -63.2443  -63.2388  -63.2370
obLittle10_dlon   5.6200  5.6412  5.6617  5.6810  5.6984  5.7135  5.7257  5.7347  5.7402  5.7420  5.7402  5.7347  5.7257  5.7135  5.6984  5.6810  5.6617  5.6412  5.6200  5.5988  5.5783  5.5590  5.5416  5.5265  5.5143  5.5053  5.4998  5.4980  5.4998  5.5053  5.5143  5.5265  5.5416  5.5590  5.5783  5.5988  5.6200

obLittle11_dlat   -54.3918  -54.3943  -54.4016  -54.4136  -54.4298  -54.4498  -54.4729  -54.4985  -54.5258  -54.5540  -54.5822  -54.6095  -54.6351  -54.6582  -54.6782  -54.6944  -54.7064  -54.7137  -54.7162  -54.7137  -54.7064  -54.6944  -54.6782  -54.6582  -54.6351  -54.6095  -54.5822  -54.5540  -54.5258  -54.4985  -54.4729  -54.4498  -54.4298  -54.4136  -54.4016  -54.3943  -54.3918
obLittle11_dlon   6.2300  6.2582  6.2855  6.3111  6.3342  6.3542  6.3704  6.3824  6.3897  6.3922  6.3897  6.3824  6.3704  6.3542  6.3342  6.3111  6.2855  6.2582  6.2300  6.2018  6.1745  6.1489  6.1258  6.1058  6.0896  6.0776  6.0703  6.0678  6.0703  6.0776  6.0896  6.1058  6.1258  6.1489  6.1745  6.2018  6.2300

obLittle12_dlat   -51.5457  -51.5476  -51.5535  -51.5630  -51.5759  -51.5919  -51.6103  -51.6308  -51.6525  -51.6750  -51.6975  -51.7192  -51.7397  -51.7581  -51.7741  -51.7870  -51.7965  -51.8024  -51.8043  -51.8024  -51.7965  -51.7870  -51.7741  -51.7581  -51.7397  -51.7192  -51.6975  -51.6750  -51.6525  -51.6308  -51.6103  -51.5919  -51.5759  -51.5630  -51.5535  -51.5476  -51.5457
obLittle12_dlon   3.2700  3.2925  3.3142  3.3347  3.3531  3.3691  3.3820  3.3915  3.3974  3.3993  3.3974  3.3915  3.3820  3.3691  3.3531  3.3347  3.3142  3.2925  3.2700  3.2475  3.2258  3.2053  3.1869  3.1709  3.1580  3.1485  3.1426  3.1407  3.1426  3.1485  3.1580  3.1709  3.1869  3.2053  3.2258  3.2475  3.2700

obLittle13_dlat   -43.0761  -43.0781  -43.0837  -43.0930  -43.1056  -43.1211  -43.1391  -43.1590  -43.1801  -43.2020  -43.2239  -43.2450  -43.2649  -43.2829  -43.2984  -43.3110  -43.3203  -43.3259  -43.3279  -43.3259  -43.3203  -43.3110  -43.2984  -43.2829  -43.2649  -43.2450  -43.2239  -43.2020  -43.1801  -43.1590  -43.1391  -43.1211  -43.1056  -43.0930  -43.0837  -43.0781  -43.0761
obLittle13_dlon   1.6300  1.6519  1.6730  1.6929  1.7109  1.7264  1.7390  1.7483  1.7539  1.7559  1.7539  1.7483  1.7390  1.7264  1.7109  1.6929  1.6730  1.6519  1.6300  1.6081  1.5870  1.5671  1.5491  1.5336  1.5210  1.5117  1.5061  1.5041  1.5061  1.5117  1.5210  1.5336  1.5491  1.5671  1.5870  1.6081  1.6300


obLittle14_dlat   -4.3550  -4.5610  -4.2210  -4.0010  -4.3550
obLittle14_dlon   73.3400  71.7100  71.5000  73.2000  73.3400

obLittle15_dlat   -63.3780  -63.6609  -63.6010  -63.4040  -63.3780
obLittle15_dlon   -18.8600  -18.9700  -19.4001  -19.2401  -18.8600

obLittle16_dlat   -62.5130  -63.0440  -61.8890  -61.2430  -60.9230  -61.1830  -62.1820  -62.5130
obLittle16_dlon   -10.0300  -10.8700  -11.5800  -11.3200  -10.5201  -10.0000  -9.8700  -10.0300

obLittle17_dlat   -62.3510  -62.7340  -62.4469  -62.8530  -64.0890  -63.2060  -62.3510
obLittle17_dlon   -13.3501  -12.9500  -12.5300  -12.5000  -14.6301  -14.8400  -13.3501

obLittle18_dlat   -62.3940  -62.5360  -61.6260  -61.5080  -62.3940
obLittle18_dlon   -6.2000  -7.3700  -7.5300  -6.4101  -6.2000

obLittle19_dlat   -26.2181  -26.2200  -26.2257  -26.2350  -26.2475  -26.2631  -26.2810  -26.3009  -26.3221  -26.3440  -26.3659  -26.3871  -26.4070  -26.4249  -26.4405  -26.4530  -26.4623  -26.4680  -26.4699  -26.4680  -26.4623  -26.4530  -26.4405  -26.4249  -26.4070  -26.3871  -26.3659  -26.3440  -26.3221  -26.3009  -26.2810  -26.2631  -26.2475  -26.2350  -26.2257  -26.2200  -26.2181
obLittle19_dlon   -1.6600  -1.6381  -1.6169  -1.5970  -1.5791  -1.5635  -1.5510  -1.5417  -1.5360  -1.5341  -1.5360  -1.5417  -1.5510  -1.5635  -1.5791  -1.5970  -1.6169  -1.6381  -1.6600  -1.6819  -1.7031  -1.7230  -1.7409  -1.7565  -1.7690  -1.7783  -1.7840  -1.7859  -1.7840  -1.7783  -1.7690  -1.7565  -1.7409  -1.7230  -1.7031  -1.6819  -1.6600

obLittle20_dlat   -7.8374  -7.8392  -7.8445  -7.8532  -7.8649  -7.8794  -7.8962  -7.9148  -7.9346  -7.9550  -7.9754  -7.9952  -8.0138  -8.0306  -8.0451  -8.0568  -8.0655  -8.0708  -8.0726  -8.0708  -8.0655  -8.0568  -8.0451  -8.0306  -8.0138  -7.9952  -7.9754  -7.9550  -7.9346  -7.9148  -7.8962  -7.8794  -7.8649  -7.8532  -7.8445  -7.8392  -7.8374
obLittle20_dlon   4.3100  4.3304  4.3502  4.3688  4.3856  4.4001  4.4118  4.4205  4.4258  4.4276  4.4258  4.4205  4.4118  4.4001  4.3856  4.3688  4.3502  4.3304  4.3100  4.2896  4.2698  4.2512  4.2344  4.2199  4.2082  4.1995  4.1942  4.1924  4.1942  4.1995  4.2082  4.2199  4.2344  4.2512  4.2698  4.2896  4.3100

obLittle21_dlat   -11.2913  -11.2938  -11.3013  -11.3135  -11.3301  -11.3505  -11.3742  -11.4003  -11.4282  -11.4570  -11.4858  -11.5137  -11.5398  -11.5635  -11.5839  -11.6005  -11.6127  -11.6202  -11.6227  -11.6202  -11.6127  -11.6005  -11.5839  -11.5635  -11.5398  -11.5137  -11.4858  -11.4570  -11.4282  -11.4003  -11.3742  -11.3505  -11.3301  -11.3135  -11.3013  -11.2938  -11.2913
obLittle21_dlon   11.4200  11.4488  11.4767  11.5028  11.5265  11.5469  11.5635  11.5757  11.5832  11.5857  11.5832  11.5757  11.5635  11.5469  11.5265  11.5028  11.4767  11.4488  11.4200  11.3912  11.3633  11.3372  11.3135  11.2931  11.2765  11.2643  11.2568  11.2543  11.2568  11.2643  11.2765  11.2931  11.3135  11.3372  11.3633  11.3912  11.4200

obLittle22_dlat   -6.9130  -6.9148  -6.9204  -6.9296  -6.9420  -6.9573  -6.9750  -6.9946  -7.0155  -7.0370  -7.0585  -7.0794  -7.0990  -7.1167  -7.1320  -7.1444  -7.1536  -7.1592  -7.1610  -7.1592  -7.1536  -7.1444  -7.1320  -7.1167  -7.0990  -7.0794  -7.0585  -7.0370  -7.0155  -6.9946  -6.9750  -6.9573  -6.9420  -6.9296  -6.9204  -6.9148  -6.9130
obLittle22_dlon   13.8200  13.8415  13.8624  13.8820  13.8997  13.9150  13.9274  13.9366  13.9422  13.9440  13.9422  13.9366  13.9274  13.9150  13.8997  13.8820  13.8624  13.8415  13.8200  13.7985  13.7776  13.7580  13.7403  13.7250  13.7126  13.7034  13.6978  13.6960  13.6978  13.7034  13.7126  13.7250  13.7403  13.7580  13.7776  13.7985  13.8200

obLittle23_dlat   -19.7052  -19.7127  -19.7350  -19.7713  -19.8205  -19.8813  -19.9516  -20.0295  -20.1124  -20.1980  -20.2836  -20.3665  -20.4444  -20.5147  -20.5755  -20.6247  -20.6610  -20.6833  -20.6908  -20.6833  -20.6610  -20.6247  -20.5755  -20.5147  -20.4444  -20.3665  -20.2836  -20.1980  -20.1124  -20.0295  -19.9516  -19.8813  -19.8205  -19.7713  -19.7350  -19.7127  -19.7052
obLittle23_dlon   17.1800  17.2656  17.3485  17.4264  17.4967  17.5575  17.6067  17.6430  17.6653  17.6728  17.6653  17.6430  17.6067  17.5575  17.4967  17.4264  17.3485  17.2656  17.1800  17.0944  17.0115  16.9336  16.8633  16.8025  16.7533  16.7170  16.6947  16.6872  16.6947  16.7170  16.7533  16.8025  16.8633  16.9336  17.0115  17.0944  17.1800

obLittle24_dlat   -43.2874  -43.2899  -43.2974  -43.3095  -43.3259  -43.3462  -43.3697  -43.3957  -43.4234  -43.4520  -43.4806  -43.5083  -43.5343  -43.5578  -43.5781  -43.5945  -43.6066  -43.6141  -43.6166  -43.6141  -43.6066  -43.5945  -43.5781  -43.5578  -43.5343  -43.5083  -43.4806  -43.4520  -43.4234  -43.3957  -43.3697  -43.3462  -43.3259  -43.3095  -43.2974  -43.2899  -43.2874
obLittle24_dlon   17.2400  17.2686  17.2963  17.3223  17.3458  17.3661  17.3825  17.3946  17.4021  17.4046  17.4021  17.3946  17.3825  17.3661  17.3458  17.3223  17.2963  17.2686  17.2400  17.2114  17.1837  17.1577  17.1342  17.1139  17.0975  17.0854  17.0779  17.0754  17.0779  17.0854  17.0975  17.1139  17.1342  17.1577  17.1837  17.2114  17.2400

obLittle25_dlat   -42.3837  -42.3914  -42.4140  -42.4510  -42.5012  -42.5631  -42.6349  -42.7142  -42.7988  -42.8860  -42.9732  -43.0578  -43.1371  -43.2089  -43.2708  -43.3210  -43.3580  -43.3806  -43.3883  -43.3806  -43.3580  -43.3210  -43.2708  -43.2089  -43.1371  -43.0578  -42.9732  -42.8860  -42.7988  -42.7142  -42.6349  -42.5631  -42.5012  -42.4510  -42.4140  -42.3914  -42.3837
obLittle25_dlon   27.4800  27.5672  27.6518  27.7311  27.8029  27.8648  27.9150  27.9520  27.9746  27.9823  27.9746  27.9520  27.9150  27.8648  27.8029  27.7311  27.6518  27.5672  27.4800  27.3928  27.3082  27.2289  27.1571  27.0952  27.0450  27.0080  26.9854  26.9777  26.9854  27.0080  27.0450  27.0952  27.1571  27.2289  27.3082  27.3928  27.4800

obLittle26_dlat   -41.2249  -41.2334  -41.2587  -41.2999  -41.3559  -41.4250  -41.5049  -41.5934  -41.6877  -41.7850  -41.8823  -41.9766  -42.0651  -42.1450  -42.2141  -42.2701  -42.3113  -42.3366  -42.3451  -42.3366  -42.3113  -42.2701  -42.2141  -42.1450  -42.0651  -41.9766  -41.8823  -41.7850  -41.6877  -41.5934  -41.5049  -41.4250  -41.3559  -41.2999  -41.2587  -41.2334  -41.2249
obLittle26_dlon   39.5300  39.6273  39.7216  39.8101  39.8900  39.9591  40.0151  40.0563  40.0816  40.0901  40.0816  40.0563  40.0151  39.9591  39.8900  39.8101  39.7216  39.6273  39.5300  39.4327  39.3384  39.2499  39.1700  39.1009  39.0449  39.0037  38.9784  38.9699  38.9784  39.0037  39.0449  39.1009  39.1700  39.2499  39.3384  39.4327  39.5300

obLittle27_dlat   -44.5542  -44.5628  -44.5885  -44.6304  -44.6873  -44.7574  -44.8386  -44.9285  -45.0242  -45.1230  -45.2218  -45.3175  -45.4074  -45.4886  -45.5587  -45.6156  -45.6575  -45.6832  -45.6918  -45.6832  -45.6575  -45.6156  -45.5587  -45.4886  -45.4074  -45.3175  -45.2218  -45.1230  -45.0242  -44.9285  -44.8386  -44.7574  -44.6873  -44.6304  -44.5885  -44.5628  -44.5542
obLittle27_dlon   51.0100  51.1088  51.2045  51.2944  51.3756  51.4457  51.5026  51.5445  51.5702  51.5788  51.5702  51.5445  51.5026  51.4457  51.3756  51.2944  51.2045  51.1088  51.0100  50.9112  50.8155  50.7256  50.6444  50.5743  50.5174  50.4755  50.4498  50.4412  50.4498  50.4755  50.5174  50.5743  50.6444  50.7256  50.8155  50.9112  51.0100

obLittle28_dlat   -47.0201  -47.0226  -47.0299  -47.0419  -47.0582  -47.0782  -47.1015  -47.1272  -47.1545  -47.1828  -47.2111  -47.2384  -47.2641  -47.2874  -47.3074  -47.3237  -47.3357  -47.3430  -47.3455  -47.3430  -47.3357  -47.3237  -47.3074  -47.2874  -47.2641  -47.2384  -47.2111  -47.1828  -47.1545  -47.1272  -47.1015  -47.0782  -47.0582  -47.0419  -47.0299  -47.0226  -47.0201
obLittle28_dlon   18.6512  18.6795  18.7068  18.7325  18.7558  18.7758  18.7921  18.8041  18.8114  18.8139  18.8114  18.8041  18.7921  18.7758  18.7558  18.7325  18.7068  18.6795  18.6512  18.6229  18.5956  18.5699  18.5466  18.5266  18.5103  18.4983  18.4910  18.4885  18.4910  18.4983  18.5103  18.5266  18.5466  18.5699  18.5956  18.6229  18.6512

obLittle29_dlat   -46.2648  -46.2738  -46.3005  -46.3440  -46.4031  -46.4759  -46.5602  -46.6535  -46.7530  -46.8556  -46.9582  -47.0577  -47.1510  -47.2353  -47.3081  -47.3672  -47.4107  -47.4374  -47.4464  -47.4374  -47.4107  -47.3672  -47.3081  -47.2353  -47.1510  -47.0577  -46.9582  -46.8556  -46.7530  -46.6535  -46.5602  -46.4759  -46.4031  -46.3440  -46.3005  -46.2738  -46.2648
obLittle29_dlon   20.1978  20.3004  20.3999  20.4932  20.5775  20.6503  20.7094  20.7529  20.7796  20.7886  20.7796  20.7529  20.7094  20.6503  20.5775  20.4932  20.3999  20.3004  20.1978  20.0952  19.9957  19.9024  19.8181  19.7453  19.6862  19.6427  19.6160  19.6070  19.6160  19.6427  19.6862  19.7453  19.8181  19.9024  19.9957  20.0952  20.1978

obLittle30_dlat   -3.8138  -3.8157  -3.8216  -3.8311  -3.8440  -3.8599  -3.8784  -3.8988  -3.9206  -3.9430  -3.9654  -3.9872  -4.0076  -4.0261  -4.0420  -4.0549  -4.0644  -4.0703  -4.0722  -4.0703  -4.0644  -4.0549  -4.0420  -4.0261  -4.0076  -3.9872  -3.9654  -3.9430  -3.9206  -3.8988  -3.8784  -3.8599  -3.8440  -3.8311  -3.8216  -3.8157  -3.8138
obLittle30_dlon   39.4289  39.4513  39.4731  39.4935  39.5120  39.5279  39.5408  39.5503  39.5562  39.5581  39.5562  39.5503  39.5408  39.5279  39.5120  39.4935  39.4731  39.4513  39.4289  39.4065  39.3847  39.3643  39.3458  39.3299  39.3170  39.3075  39.3016  39.2997  39.3016  39.3075  39.3170  39.3299  39.3458  39.3643  39.3847  39.4065  39.4289

obLittle31_dlat   -4.8419  -4.8438  -4.8497  -4.8592  -4.8721  -4.8880  -4.9064  -4.9268  -4.9486  -4.9710  -4.9934  -5.0152  -5.0356  -5.0540  -5.0699  -5.0828  -5.0923  -5.0982  -5.1001  -5.0982  -5.0923  -5.0828  -5.0699  -5.0540  -5.0356  -5.0152  -4.9934  -4.9710  -4.9486  -4.9268  -4.9064  -4.8880  -4.8721  -4.8592  -4.8497  -4.8438  -4.8419
obLittle31_dlon   30.3500  30.3724  30.3942  30.4146  30.4330  30.4489  30.4618  30.4713  30.4772  30.4791  30.4772  30.4713  30.4618  30.4489  30.4330  30.4146  30.3942  30.3724  30.3500  30.3276  30.3058  30.2854  30.2670  30.2511  30.2382  30.2287  30.2228  30.2209  30.2228  30.2287  30.2382  30.2511  30.2670  30.2854  30.3058  30.3276  30.3500

obLittle32_dlat   -9.4679  -9.4741  -9.4924  -9.5223  -9.5629  -9.6130  -9.6710  -9.7351  -9.8035  -9.8740  -9.9445  -10.0129  -10.0770  -10.1350  -10.1851  -10.2257  -10.2556  -10.2739  -10.2801  -10.2739  -10.2556  -10.2257  -10.1851  -10.1350  -10.0770  -10.0129  -9.9445  -9.8740  -9.8035  -9.7351  -9.6710  -9.6130  -9.5629  -9.5223  -9.4924  -9.4741  -9.4679
obLittle32_dlon   38.4800  38.5505  38.6189  38.6830  38.7410  38.7911  38.8317  38.8616  38.8799  38.8861  38.8799  38.8616  38.8317  38.7911  38.7410  38.6830  38.6189  38.5505  38.4800  38.4095  38.3411  38.2770  38.2190  38.1689  38.1283  38.0984  38.0801  38.0739  38.0801  38.0984  38.1283  38.1689  38.2190  38.2770  38.3411  38.4095  38.4800

obLittle33_dlat   -7.5867  -7.5892  -7.5966  -7.6086  -7.6249  -7.6451  -7.6684  -7.6942  -7.7217  -7.7501  -7.7785  -7.8060  -7.8318  -7.8551  -7.8753  -7.8916  -7.9036  -7.9110  -7.9135  -7.9110  -7.9036  -7.8916  -7.8753  -7.8551  -7.8318  -7.8060  -7.7785  -7.7501  -7.7217  -7.6942  -7.6684  -7.6451  -7.6249  -7.6086  -7.5966  -7.5892  -7.5867
obLittle33_dlon   43.8071  43.8355  43.8630  43.8888  43.9121  43.9323  43.9486  43.9606  43.9680  43.9705  43.9680  43.9606  43.9486  43.9323  43.9121  43.8888  43.8630  43.8355  43.8071  43.7787  43.7512  43.7254  43.7021  43.6819  43.6656  43.6536  43.6462  43.6437  43.6462  43.6536  43.6656  43.6819  43.7021  43.7254  43.7512  43.7787  43.8071

obLittle35_dlat   -3.6878  -3.6903  -3.6976  -3.7096  -3.7260  -3.7461  -3.7694  -3.7952  -3.8227  -3.8510  -3.8793  -3.9068  -3.9326  -3.9559  -3.9760  -3.9924  -4.0044  -4.0117  -4.0142  -4.0117  -4.0044  -3.9924  -3.9760  -3.9559  -3.9326  -3.9068  -3.8793  -3.8510  -3.8227  -3.7952  -3.7694  -3.7461  -3.7260  -3.7096  -3.6976  -3.6903  -3.6878
obLittle35_dlon   77.8400  77.8683  77.8958  77.9216  77.9449  77.9650  77.9814  77.9934  78.0007  78.0032  78.0007  77.9934  77.9814  77.9650  77.9449  77.9216  77.8958  77.8683  77.8400  77.8117  77.7842  77.7584  77.7351  77.7150  77.6986  77.6866  77.6793  77.6768  77.6793  77.6866  77.6986  77.7150  77.7351  77.7584  77.7842  77.8117  77.8400



obYang0_dlat   -35.5468  -46.7031    -47.5129  -36.9661  -35.5468
obYang0_dlon   -1.9838  0.2044    -7.2391  -9.2695  -1.9838

obYang1_dlat   -47.8277  -68.8079  -67.5509  -48.6410  -48.6397  -47.8277
obYang1_dlon   0.4250  4.5400  -3.3542  -7.0301  -7.0303  0.4250

obYang2_dlat   -26.3601  -10.3090  -9.1300  -25.2319  -26.3601
obYang2_dlon   -12.7863  -15.6300  -6.0200  -2.8506  -12.7863

obYang3_dlat   -25.3331  -32.9897  -34.4499  -26.1955  -25.3331
obYang3_dlon   -3.9871  -2.4853  -9.7539  -11.8107  -3.9871

obPigHole0_dlat   -26.0320  -26.4310  -26.7570  -27.2070  -27.3160  -27.3950  -27.3870  -27.2309  -27.0640  -26.8920  -26.7660  -26.6730  -26.5939  -26.4560  -26.4470  -26.4109  -26.3939  -26.4140  -26.4720  -26.5620  -26.6940  -26.8230  -26.9890  -27.1450  -27.3050  -27.5140  -27.6829  -27.7880  -27.7930  -27.7579  -27.5739  -27.2559  -26.8230  -26.4290  -26.0660  -25.6750  -25.3780  -25.1030  -24.8789  -24.6470  -24.4260  -24.1870  -24.0089  -23.7080  -23.4580  -23.2139  -23.0080  -22.8199  -22.6650  -22.4939  -22.3390  -22.2259  -22.0740  -21.9960  -21.9120  -21.8659  -21.8079  -21.7440  -21.7030  -21.6770  -21.6940  -21.7420  -21.8010  -21.8880  -21.9950  -22.0970  -22.2160  -22.3259  -22.4620  -22.6519  -22.8640  -23.1120  -23.3760  -23.6160  -23.9749  -24.4250  -24.6510  -24.8830  -25.0780  -25.6580  -26.0320
obPigHole0_dlon   -30.3400  -31.1200  -31.7601  -32.6500  -32.9200  -33.1900  -33.4200  -33.7300  -34.0400  -34.4500  -34.8501  -35.1900  -35.5400  -35.9300  -36.3400  -36.7800  -37.1601  -37.5200  -37.9900  -38.4700  -38.8900  -39.3101  -39.7400  -40.0801  -40.3801  -40.7401  -41.0601  -41.3000  -41.4800  -41.7300  -42.1400  -42.8200  -43.7600  -44.5401  -45.4101  -46.2401  -47.1200  -47.1601  -47.2500  -47.2700  -47.2101  -47.1000  -46.9200  -46.4500  -45.9600  -45.4601  -44.9100  -44.3700  -43.8400  -43.3000  -42.7401  -42.1600  -41.6100  -41.0200  -40.4401  -39.8600  -39.2800  -38.6800  -38.0801  -37.5000  -36.9100  -36.3100  -35.7201  -35.1400  -34.5700  -33.9800  -33.4101  -32.8401  -32.3000  -31.7500  -31.2300  -30.7200  -30.2400  -29.7400  -29.3800  -29.1800  -29.1600  -29.1900  -29.2800  -29.5900  -30.3400

obPigHole1_dlat   -43.0160  -43.0220  -42.9110  -42.7710  -42.6320  -42.4320  -42.1910  -41.9460  -41.6690  -41.3720  -41.0740  -40.7660  -40.4430  -40.1210  -39.7910  -39.4450  -39.0910  -38.7110  -38.3199  -37.8849  -37.4870  -37.0830  -36.6670  -36.2470  -35.8110  -35.3690  -34.9250  -34.4779  -34.0490  -33.5960  -33.1559  -32.7050  -32.2560  -32.1900  -31.8060  -31.3690  -30.9129  -30.4920  -30.0310  -29.5829  -29.3430  -29.1190  -28.8890  -28.6810  -28.4840  -28.8459  -29.0760  -29.2840  -29.5380  -29.8540  -30.1380  -30.3380  -30.6090  -30.7619  -30.8369  -30.9250  -31.0250  -31.1230  -31.2630  -31.4590  -31.7079  -31.9830  -32.2120  -32.4640  -32.7209  -32.9510  -33.1750  -33.4020  -33.6260  -33.8470  -34.1259  -34.3760  -34.6270  -34.8350  -35.0040  -35.1040  -35.1809  -35.2680  -35.3489  -35.4210  -35.5050  -35.5760  -35.6610  -35.7980  -36.4869  -36.9120  -37.9550  -38.6200  -39.4790  -40.3420  -40.8620  -41.5950  -42.0260  -42.4990  -42.7950  -42.9530  -43.0160
obPigHole1_dlon   -38.3200  -38.6401  -39.2101  -39.7701  -40.3500  -40.8900  -41.4000  -41.8900  -42.3500  -42.8100  -43.2500  -43.6900  -44.1301  -44.5401  -44.9601  -45.3300  -45.6900  -46.0301  -46.3401  -46.6100  -46.8700  -47.1300  -47.3900  -47.6500  -47.8500  -48.0301  -48.1801  -48.3100  -48.4200  -48.5700  -48.7100  -48.8200  -48.9200  -48.8900  -49.0200  -49.1601  -49.2601  -49.3900  -49.5100  -49.6100  -49.6400  -49.6100  -49.5201  -49.4000  -49.2400  -48.2600  -47.6900  -47.1900  -46.5501  -45.7801  -45.0501  -44.5500  -43.9600  -43.6100  -43.4500  -43.3300  -43.2400  -43.1800  -43.1300  -43.0800  -43.0400  -42.9900  -42.9300  -42.8501  -42.7501  -42.6401  -42.5000  -42.3200  -42.1200  -41.8900  -41.5900  -41.2900  -40.9800  -40.6901  -40.4000  -40.1700  -39.9600  -39.7000  -39.4200  -39.1800  -38.9600  -38.8100  -38.7100  -38.6300  -38.4901  -38.4000  -38.1801  -38.0400  -37.8701  -37.7000  -37.5900  -37.4500  -37.3500  -37.2601  -37.7000  -38.0100  -38.3200

obPigHole2_dlat   -41.9980  -42.0210  -40.9889  -39.7410  -38.8250  -37.8849  -36.9530  -35.6810  -35.1200  -35.0389  -34.9580  -34.5420  -34.3350  -34.1179  -33.8919  -33.6280  -33.3729  -33.1049  -32.7990  -32.5130  -32.1670  -31.8839  -31.5770  -31.2520  -30.8810  -30.5550  -30.4400  -30.3660  -30.2790  -29.9759  -29.6980  -29.4110  -29.0580  -28.7220  -28.8480  -28.9539  -29.0430  -29.1639  -29.3300  -29.5280  -29.9490  -30.4010  -30.8520  -31.2960  -31.7600  -32.2519  -32.7060  -33.1490  -33.6020  -34.0630  -34.5050  -34.9410  -35.3750  -35.8120  -36.2430  -36.6670  -37.0870  -37.5070  -37.9280  -38.3369  -38.7140  -39.0870  -39.4570  -39.8250  -40.1620  -40.4959  -40.8389  -41.1690  -41.4770  -41.7360  -41.9320  -41.9710  -41.9980
obPigHole2_dlon   -32.5000  -32.7500  -32.9800  -33.2200  -33.4000  -33.5800  -33.7601  -34.0301  -34.1100  -34.0801  -33.9701  -33.2100  -32.9501  -32.6500  -32.3900  -32.1201  -31.9000  -31.7101  -31.5400  -31.3800  -31.2600  -31.1800  -31.1300  -31.0700  -31.0900  -31.1400  -31.1300  -31.1200  -31.0200  -30.2500  -29.5900  -28.8500  -28.0000  -27.2200  -26.6500  -26.2100  -25.9400  -25.6800  -25.4700  -25.3400  -25.1600  -25.0501  -24.9700  -24.9100  -24.8901  -24.9000  -24.9401  -25.0000  -25.0600  -25.1401  -25.2600  -25.4100  -25.6000  -25.8000  -25.9900  -26.2201  -26.4400  -26.6600  -26.8901  -27.1700  -27.5001  -27.8500  -28.1801  -28.5600  -28.9401  -29.3400  -29.7500  -30.1600  -30.5901  -31.0600  -31.6101  -31.9000  -32.5000

