obList  HardLine

LineCut_LineX -45.301 -45.749 -43.976 -42.742 -41.336 -39.593 -37.243 -35.014 -32.066 -29.537 -8.343 -7.087 65.303 64.516 60.949 50.641 48.676 42.473 36.720 31.271 22.864 18.976 14.790 10.646 7.826 49.499 43.190 38.705 34.629 24.966 19.105 14.798 11.737 67.515 65.396 59.903 54.708 48.795 45.292 37.620 25.444 6.699 62.175 57.550 55.716 54.462 54.216 52.935 54.225 59.055 -71.358 -18.923 -18.344 -15.846 -10.218 70.485 0.010 -0.067 2.683 -3.450 46.196 50.013 51.260 51.521 51.436 47.693 44.728 42.464 34.548 34.363 36.235 38.389 39.739 40.559 41.943 43.207 44.668 46.189 8.861 6.271 -9.223 -10.928 -24.547 -26.418 -8.374 -53.366 -26.418 -24.410 -21.634 -20.497 -19.481 -18.524 -18.165 -18.250 -18.951 -20.181 -21.224 -23.026 -26.051 -29.443 -31.938 -36.449 -39.773 -42.072 -43.371 64.462 63.580 63.468 64.781 64.704 63.218 63.228 60.730 59.375 59.232 64.461 65.529 67.269 67.443 67.512 66.749 65.763 63.329 59.476 60.953 65.015 68.934 70.842 72.021 71.744 70.981 69.038 67.545 -13.506 -9.249 59.233 59.476 -46.404 -73.260 5.844 6.306 6.878 7.707 9.543 8.863 10.048 10.449 11.082 12.261 13.119 16.139 26.572 27.828 31.836 33.749 36.594 39.568 41.311 43.737 46.770 57.173 58.750 59.027
LineCut_LineY -29.968 -31.767 -40.341 -43.305 -45.571 -47.416 -49.422 -50.452 -51.328 -51.445 -65.988 -74.616 -4.624 -7.087 -13.018 -11.209 -11.036 -11.487 -12.930 -15.921 -21.573 -24.612 -28.324 -32.742 -36.400 -15.839 -15.785 -16.607 -18.628 -25.137 -29.980 -34.276 -37.922 -42.599 -44.002 -46.643 -49.839 -54.605 -56.681 -59.367 -62.994 -66.403 -5.218 -11.569 -11.925 -11.739 -17.097 -16.627 -17.094 -41.138 -18.259 -10.360 -12.351 -29.569 -28.796 2.814 -7.606 -9.053 -26.845 -27.768 -43.451 -44.600 -45.551 -46.585 -47.290 -50.298 -52.291 -53.442 -55.941 -55.580 -53.606 -50.169 -47.432 -46.124 -44.666 -43.845 -43.415 -43.470 -62.999 -63.435 -60.593 -60.598 -52.034 -50.118 -65.918 -65.350 -50.118 -48.675 -45.740 -44.035 -41.767 -38.893 -35.884 -33.854 -30.880 -27.604 -25.871 -24.130 -22.301 -21.349 -20.976 -21.523 -22.815 -24.199 -25.987 -39.099 -39.054 -38.523 -32.338 -29.289 -23.693 -23.687 -20.942 -18.602 -17.180 -39.100 -37.591 -34.193 -32.959 -28.180 -23.672 -21.444 -19.062 -17.154 -13.025 -14.836 -17.631 -22.500 -29.443 -33.680 -36.881 -40.668 -42.570 -30.705 -60.614 -17.172 -17.143 -65.416 -21.925 -41.961 -48.051 -52.050 -55.483 -60.837 -62.995 -42.904 -47.959 -52.507 -56.460 -58.247 -60.414 -58.341 -57.446 -52.745 -50.553 -45.134 -41.040 -39.999 -39.384 -39.633 -41.951 -41.675 -41.147
LineCut_LineNum 10 2 3 10 8 9 4 2 2 5 5 18 2 4 2 19 6 4 9 9 2 2 2 6 8 10

HardRect_CircleX 43.583 33.837 17.257 -5.760 -38.645 32.878 66.507 33.688 50.564 25.931 37.429 11.808 3.683 -22.146 -1.418 -11.295 9.757 -8.467 1.393 2.794 5.323 4.802 -5.075 -16.290 14.730 15.936 -69.164 -44.788 -52.272 -35.919 14.679
HardRect_CircleY -49.988 -46.175 -51.907 -68.960 -66.222 -10.876 -4.241 -4.350 -1.852 -5.492 -8.571 -7.788 -8.809 -12.751 -29.230 -30.790 -12.688 -49.448 -47.953 -57.362 -60.553 -70.341 -72.388 -70.507 -48.222 -52.366 -19.735 -16.122 -17.228 -14.786 -22.323
HardRect_CircleR 0.695 0.982 0.722 0.628 0.888 0.496 0.199 0.158 0.141 0.158 0.200 0.152 0.144 0.160 0.154 0.156 0.202 0.155 0.154 0.158 0.198 0.149 0.156 0.254 0.201 0.199 0.158 0.159 0.152 0.156 0.602

HardRect_CPolyX 57.032 55.767 55.246 56.536 57.032 23.991 24.151 21.424 21.377 23.991 -8.208 -9.452 -10.059 -8.685 -8.208 -10.817 -10.593 -12.500 -12.679 -10.817 61.441 63.235 64.166 61.722 60.449 60.253 61.441 -40.873 -36.007 -32.970 -31.832 -32.585 -34.389 -36.641 -39.021 -40.869 -40.873 -3.460 -10.939 -13.354 -5.144 -2.453 -3.460 -1.695 0.170 -6.177 -7.920 -1.695 0.364 3.879 -2.866 -6.009 0.364 -13.813 -12.853 -9.723 -10.313 -13.813 -62.295 -61.927 -20.460 -20.135 -62.295 59.038 59.376 57.312 57.035 59.038 19.931 23.382 24.076 20.426 19.931 -26.993 -21.290 -22.260 -23.820 -26.439 -27.982 -29.179 -26.993 57.120 59.531 60.406 57.987 57.120 -35.935 -33.358 -35.273 -40.262 -40.389 -39.430 -35.935 78.088 79.194 79.548 79.475 78.609 77.232 76.356 76.304 76.710 78.088 14.089 13.756 12.637 12.927 14.089 -36.007 -40.873 -42.447 -42.071 -36.893 -36.007 -21.290 -26.993 -26.526 -23.265 -21.791 -21.254 -21.290 -31.360 -30.582 -33.358 -35.935 -31.360 -30.582 -31.360 -27.695 -25.257 -24.850 -25.233 -28.268 -30.582 -10.195 -3.460 -2.123 -8.334 -10.195 -16.057 -17.400 -19.766 -18.996 -16.057 -12.853 -13.813 -17.400 -16.057 -12.853
HardRect_CPolyY -22.273 -22.510 -20.059 -19.816 -22.273 -46.914 -48.092 -48.470 -47.529 -46.914 -69.162 -70.142 -68.205 -67.358 -69.162 -68.752 -69.783 -71.178 -70.198 -68.752 -23.327 -23.627 -27.246 -27.757 -24.553 -23.572 -23.327 -40.260 -37.280 -39.606 -47.175 -47.865 -47.551 -46.000 -43.494 -40.279 -40.260 -27.779 -28.891 -11.449 -10.140 -27.625 -27.779 -39.479 -51.865 -52.821 -41.055 -39.479 -53.120 -76.419 -75.023 -54.020 -53.120 -38.216 -37.200 -60.056 -60.079 -38.216 -24.846 -23.627 -17.876 -18.866 -24.846 -36.093 -38.302 -38.538 -36.544 -36.093 -55.256 -54.681 -57.611 -57.949 -55.256 -36.578 -37.418 -40.683 -43.703 -46.363 -46.774 -38.947 -36.578 -31.667 -31.261 -35.386 -35.927 -31.667 -24.497 -29.703 -31.081 -28.204 -26.998 -25.923 -24.497 -36.483 -36.741 -37.541 -38.436 -39.453 -40.050 -39.630 -38.952 -37.663 -36.483 -19.226 -19.416 -17.533 -17.313 -19.226 -37.280 -40.260 -32.662 -31.635 -34.250 -37.280 -37.418 -36.578 -33.627 -31.824 -32.365 -33.717 -37.418 -24.003 -29.414 -29.703 -24.497 -24.003 -29.414 -24.003 -24.837 -26.306 -27.259 -28.443 -30.540 -29.414 -28.780 -27.779 -36.639 -38.261 -28.780 -32.147 -32.083 -22.377 -21.990 -32.147 -37.200 -38.216 -32.083 -32.147 -37.200
HardRect_CPolyNum 5 5 5 5 7 10 6 5 5 5 5 5 5 8 5 7 10 5 6 7 5 8 5 5 5

HardLine_LineX 3.876 6.965 7.257 90.520 90.450 90.805 91.000 91.543 86.717 86.060 85.664 85.611 83.055 72.507 66.353 61.111 56.729 57.392 -44.892 -45.372 -45.737 -46.186 -46.541 -46.807 -47.203 -51.105 -50.688 -50.782 -50.936 -51.155 -51.405 -51.689 -52.010 -52.326 -73.923 -73.720 -72.739 -71.883 -70.110 -70.423 -73.260 -77.048 -60.854 -53.363 -47.124 -2.876
HardLine_LineY -76.337 -76.066 -76.337 -42.415 -42.169 -42.022 -42.403 -42.142 -26.396 -26.600 -28.566 -23.888 -9.830 -10.393 30.008 23.480 16.387 11.593 -3.658 -3.549 -3.386 -3.007 -2.546 -1.969 0.811 0.228 -2.715 -3.183 -3.573 -3.936 -4.241 -4.475 -4.658 -4.753 -7.957 -9.340 -13.680 -17.857 -19.403 -21.383 -21.926 -45.513 -59.127 -65.366 -70.845 -75.035
HardLine_LineNum 46

